degreeH
1	11.0
2	25.0
3	45.0
4	46.0
5	70.0
6	71.0
7	85.0
8	95.0
9	97.0
10	108.0
11	113.0
12	124.0
13	124.0
14	126.0
15	131.0
16	131.0
17	136.0
18	144.0
19	156.0
20	162.0
21	163.0
22	163.0
23	163.0
24	168.0
25	173.0
26	174.0
27	180.0
28	180.0
29	184.0
30	187.0

cliqueH
1	20.0
2	31.0
3	45.0
4	46.0
5	70.0
6	84.0
7	89.0
8	101.0
9	102.0
10	109.0
11	112.0
12	125.0
13	131.0
14	136.0
15	140.0
16	145.0
17	148.0
18	149.0
19	149.0
20	151.0
21	159.0
22	162.0
23	162.0
24	168.0
25	172.0
26	174.0
27	174.0
28	177.0
29	189.0
30	189.0



LTmodel degree
21.7
34.7666666667
53.7666666667
59.9666666667
70.4
76.7
93.3
93.0333333333
103.2
113.4
125.2
128.466666667
130.333333333
136.3
141.333333333
150.433333333
151.2
160.9
168.466666667
166.8
174.533333333
183.866666667
182.5
187.633333333
190.866666667
198.0
199.633333333
201.0
204.6
214.366666667
