1       4.4
2       7.4
3       10.1
4       13.4
5       16.4
6       22.1
7       22.8
8       25.8
9       25.3
10      26.0
11      31.9
12      30.1
13      33.4
14      44.2
15      41.2
16      50.9
17      46.2
18      54.6
19      54.6
20      56.1
21      55.6
22      66.4
23      64.0
24      63.1
25      70.2
26      71.4
27      72.7
28      68.9
29      81.1
30      87.0
ISSD-d

1     5.6
2       8.1
3       7.2
4       16.0
5       14.3
6       20.0
7       23.6
8       27.6
9       33.5
10      31.0
11      33.2
12      30.1
13      46.1
14      43.2
15      45.4
16      52.4
17      53.4
18      57.0
19      54.1
20      59.1
21      70.4
22      60.0
23      62.8
24      64.5
25      72.3
26      73.3
27      88.8
28      97.6
29      80.4
30      83.9
ISSD_C


1       7.7
2       5.9
3       10.8
4       17.0
5       20.5
6       20.4
7       26.2
8       24.8
9       30.2
10      25.1
11      36.2
12      34.0
13      40.9
14      39.0
15      53.5
16      45.3
17      60.0
18      61.7
19      54.3
20      71.5
21      67.0
22      67.3
23      72.2
24      69.6
25      71.3
26      87.0
27      80.1
28      73.9
29      83.9
30      97.4
ISSD


1       3.7
2       4.9
3       12.1
4       12.1
5       15.9
6       19.9
7       23.7
8       27.4
9       26.8
10      26.8
11      34.0
12      37.0
13      34.4
14      41.0
15      40.6
16      40.6
17      41.9
18      54.2
19      55.6
20      48.2
21      57.8
22      65.3
23      65.6
24      64.9
25      64.9
26      73.2
27      71.1
28      74.5
29      79.7
30      80.8
ISSD_CD