1	7.4
2	9.3
3	50.8
4	27.8
5	75.2
6	55.7
7	67.0
8	62.1
9	83.6
10	62.7
11	66.5
12	74.7
13	72.4
14	102.3
15	93.1
16	97.8
17	92.5
18	122.6
19	103.1
20	100.0
21	122.6
22	128.5
23	121.4
24	121.4
25	119.9
26	120.8
27	152.9
28	148.2
29	150.4
30	157.3
ISSD_LT

1.93333333333
3.8
5.06666666667
6.9
8.23333333333
9.7
11.4
12.6666666667
12.9333333333
15.6
17.0
18.2666666667
20.0666666667
21.9333333333
23.9666666667
24.4333333333
26.3333333333
25.5666666667
27.6
29.1666666667
30.4333333333
31.4666666667
33.2666666667
34.8
35.7333333333
38.3666666667
37.8666666667
39.0333333333
42.1333333333
42.2
IC

33.2666666667
106.4
140.6
188.0
204.433333333
186.366666667
242.5
255.4
251.566666667
279.366666667
321.9
314.466666667
363.466666667
359.433333333
395.566666667
382.333333333
413.433333333
419.733333333
438.366666667
422.766666667
449.133333333
484.966666667
486.266666667
487.333333333
523.833333333
504.2
520.8
524.7
553.266666667
502.266666667
LT

1	6.6
2	19.7
3	22.7
4	29.9
5	24.2
6	47.7
7	51.6
8	34.2
9	78.8
10	51.9
11	105.5
12	67.6
13	86.8
14	96.0
15	83.2
16	89.1
17	108.0
18	121.4
19	115.9
20	135.9
21	134.1
22	137.2
23	139.4
24	148.0
25	137.1
26	158.0
27	154.3
28	122.1
29	182.2
30	150.5
ISSD_C

1	5.0
2	10.2
3	8.6
4	24.3
5	20.9
6	22.9
7	26.3
8	22.3
9	32.9
10	39.6
11	39.5
12	34.5
13	42.6
14	43.0
15	44.8
16	41.8
17	49.7
18	43.5
19	49.9
20	51.2
21	48.4
22	57.8
23	56.8
24	60.9
25	62.0
26	58.9
27	69.0
28	66.3
29	68.2
30	75.2
ISSD_D

1       10.1
2       10.9
3       12.6
4       18.5
5       21.6
6       27.4
7       25.0
8       29.2
9       32.0
10      32.7
11      38.1
12      35.4
13      40.4
14      40.4
15      37.9
16      41.5
17      50.9
18      44.6
19      61.6
20      47.9
21      57.6
22      58.9
23      61.6
24      71.4
25      64.3
26      72.9
27      69.7
28      71.2
29      77.0
30      80.0
ISSD_CD