13.1
5.1
21.0
22.1
26.5
32.2
33.3
37.4
34.3
39.8
36.6
38.8
41.8
38.7
44.0
44.6
46.0
47.3
49.5
51.2
52.2
54.9
51.3
54.7
57.5
54.7
52.6
55.5
54.4
56.5
W[v] +=(logisticFuc(i+1)/logisticFuc(1))*Ew[(u,v)]*G[u][v]['weight']

16.1
12.5
26.4
18.9
30.5
36.4
24.8
28.8
35.0
41.2
40.7
34.3
36.4
43.0
44.1
39.7
43.4
45.6
48.8
51.6
53.0
46.7
51.2
50.5
51.9
52.5
57.2
58.2
55.2
55.5
LT
2.3
4.5
7.6
9.7
11.8
11.9
14.4
13.2
15.5
17.5
18.8
19.1
20.7
23.9
22.0
23.6
27.6
27.4
27.5
28.7
30.1
29.1
34.6
32.4
32.5
33.2
35.1
35.9
36.9
39.7
delay lt


2.3
4.5
7.3
9.2
9.5
10.6
12.5
15.2
14.6
16.1
20.2
17.4
22.0
20.4
21.2
23.4
24.1
24.6
27.4
29.0
30.7
30.5
33.4
33.5
30.9
33.7
36.1
35.9
38.6
38.4
